=================================================================
  ROC CURVE DATA ΓÇö EARTHQUAKE SEVERITY CLASSIFIER
=================================================================

ΓöÇΓöÇΓöÇΓöÇΓöÇΓöÇΓöÇΓöÇΓöÇΓöÇΓöÇΓöÇΓöÇΓöÇΓöÇΓöÇΓöÇΓöÇΓöÇΓöÇΓöÇΓöÇΓöÇΓöÇΓöÇΓöÇΓöÇΓöÇΓöÇΓöÇΓöÇΓöÇΓöÇΓöÇΓöÇΓöÇΓöÇΓöÇΓöÇΓöÇΓöÇΓöÇΓöÇΓöÇΓöÇΓöÇΓöÇΓöÇΓöÇΓöÇΓöÇΓöÇΓöÇΓöÇΓöÇΓöÇΓöÇΓöÇΓöÇΓöÇΓöÇΓöÇΓöÇΓöÇΓöÇ
  Class: MINOR  |  AUC = 0.9964
ΓöÇΓöÇΓöÇΓöÇΓöÇΓöÇΓöÇΓöÇΓöÇΓöÇΓöÇΓöÇΓöÇΓöÇΓöÇΓöÇΓöÇΓöÇΓöÇΓöÇΓöÇΓöÇΓöÇΓöÇΓöÇΓöÇΓöÇΓöÇΓöÇΓöÇΓöÇΓöÇΓöÇΓöÇΓöÇΓöÇΓöÇΓöÇΓöÇΓöÇΓöÇΓöÇΓöÇΓöÇΓöÇΓöÇΓöÇΓöÇΓöÇΓöÇΓöÇΓöÇΓöÇΓöÇΓöÇΓöÇΓöÇΓöÇΓöÇΓöÇΓöÇΓöÇΓöÇΓöÇΓöÇ
         FPR         TPR   Threshold
  ΓöÇΓöÇΓöÇΓöÇΓöÇΓöÇΓöÇΓöÇΓöÇΓöÇ  ΓöÇΓöÇΓöÇΓöÇΓöÇΓöÇΓöÇΓöÇΓöÇΓöÇ  ΓöÇΓöÇΓöÇΓöÇΓöÇΓöÇΓöÇΓöÇΓöÇΓöÇ
      0.0000      0.0000         inf
      0.0000      0.6357      0.9937
      0.0000      0.7143      0.9900
      0.0000      0.7786      0.9829
      0.0077      0.9429      0.4020
      0.0423      0.9643      0.2309
      0.0885      0.9929      0.1172
      0.1654      1.0000      0.0389
      0.2385      1.0000      0.0258
      0.3038      1.0000      0.0192
      0.3692      1.0000      0.0173
      0.4077      1.0000      0.0114
      0.4615      1.0000      0.0048
      0.5385      1.0000      0.0020
      0.5731      1.0000      0.0007
      0.6269      1.0000      0.0003
      1.0000      1.0000      0.0000

ΓöÇΓöÇΓöÇΓöÇΓöÇΓöÇΓöÇΓöÇΓöÇΓöÇΓöÇΓöÇΓöÇΓöÇΓöÇΓöÇΓöÇΓöÇΓöÇΓöÇΓöÇΓöÇΓöÇΓöÇΓöÇΓöÇΓöÇΓöÇΓöÇΓöÇΓöÇΓöÇΓöÇΓöÇΓöÇΓöÇΓöÇΓöÇΓöÇΓöÇΓöÇΓöÇΓöÇΓöÇΓöÇΓöÇΓöÇΓöÇΓöÇΓöÇΓöÇΓöÇΓöÇΓöÇΓöÇΓöÇΓöÇΓöÇΓöÇΓöÇΓöÇΓöÇΓöÇΓöÇΓöÇ
  Class: MODERATE  |  AUC = 0.9926
ΓöÇΓöÇΓöÇΓöÇΓöÇΓöÇΓöÇΓöÇΓöÇΓöÇΓöÇΓöÇΓöÇΓöÇΓöÇΓöÇΓöÇΓöÇΓöÇΓöÇΓöÇΓöÇΓöÇΓöÇΓöÇΓöÇΓöÇΓöÇΓöÇΓöÇΓöÇΓöÇΓöÇΓöÇΓöÇΓöÇΓöÇΓöÇΓöÇΓöÇΓöÇΓöÇΓöÇΓöÇΓöÇΓöÇΓöÇΓöÇΓöÇΓöÇΓöÇΓöÇΓöÇΓöÇΓöÇΓöÇΓöÇΓöÇΓöÇΓöÇΓöÇΓöÇΓöÇΓöÇΓöÇ
         FPR         TPR   Threshold
  ΓöÇΓöÇΓöÇΓöÇΓöÇΓöÇΓöÇΓöÇΓöÇΓöÇ  ΓöÇΓöÇΓöÇΓöÇΓöÇΓöÇΓöÇΓöÇΓöÇΓöÇ  ΓöÇΓöÇΓöÇΓöÇΓöÇΓöÇΓöÇΓöÇΓöÇΓöÇ
      0.0000      0.0000         inf
      0.0000      0.1333      0.9953
      0.0000      0.2167      0.9705
      0.0000      0.3000      0.9682
      0.0000      0.3750      0.9631
      0.0000      0.4750      0.9589
      0.0000      0.5750      0.9313
      0.0107      0.7167      0.8759
      0.0179      0.8417      0.7611
      0.0286      0.9083      0.6948
      0.0429      0.9500      0.6036
      0.1143      0.9917      0.0561
      0.1500      1.0000      0.0440
      0.2500      1.0000      0.0158
      0.2857      1.0000      0.0103
      0.3464      1.0000      0.0071
      0.4071      1.0000      0.0063
      0.5143      1.0000      0.0035
      0.5821      1.0000      0.0002
      1.0000      1.0000      0.0000

ΓöÇΓöÇΓöÇΓöÇΓöÇΓöÇΓöÇΓöÇΓöÇΓöÇΓöÇΓöÇΓöÇΓöÇΓöÇΓöÇΓöÇΓöÇΓöÇΓöÇΓöÇΓöÇΓöÇΓöÇΓöÇΓöÇΓöÇΓöÇΓöÇΓöÇΓöÇΓöÇΓöÇΓöÇΓöÇΓöÇΓöÇΓöÇΓöÇΓöÇΓöÇΓöÇΓöÇΓöÇΓöÇΓöÇΓöÇΓöÇΓöÇΓöÇΓöÇΓöÇΓöÇΓöÇΓöÇΓöÇΓöÇΓöÇΓöÇΓöÇΓöÇΓöÇΓöÇΓöÇΓöÇ
  Class: SEVERE  |  AUC = 0.9923
ΓöÇΓöÇΓöÇΓöÇΓöÇΓöÇΓöÇΓöÇΓöÇΓöÇΓöÇΓöÇΓöÇΓöÇΓöÇΓöÇΓöÇΓöÇΓöÇΓöÇΓöÇΓöÇΓöÇΓöÇΓöÇΓöÇΓöÇΓöÇΓöÇΓöÇΓöÇΓöÇΓöÇΓöÇΓöÇΓöÇΓöÇΓöÇΓöÇΓöÇΓöÇΓöÇΓöÇΓöÇΓöÇΓöÇΓöÇΓöÇΓöÇΓöÇΓöÇΓöÇΓöÇΓöÇΓöÇΓöÇΓöÇΓöÇΓöÇΓöÇΓöÇΓöÇΓöÇΓöÇΓöÇ
         FPR         TPR   Threshold
  ΓöÇΓöÇΓöÇΓöÇΓöÇΓöÇΓöÇΓöÇΓöÇΓöÇ  ΓöÇΓöÇΓöÇΓöÇΓöÇΓöÇΓöÇΓöÇΓöÇΓöÇ  ΓöÇΓöÇΓöÇΓöÇΓöÇΓöÇΓöÇΓöÇΓöÇΓöÇ
      0.0000      0.0000         inf
      0.0000      0.2750      0.9927
      0.0000      0.7625      0.5355
      0.0187      0.8000      0.4550
      0.0281      0.8875      0.3513
      0.0469      0.9250      0.2286
      0.0531      0.9875      0.1211
      0.1219      1.0000      0.0310
      0.1906      1.0000      0.0221
      0.2250      1.0000      0.0194
      0.2844      1.0000      0.0144
      0.3250      1.0000      0.0121
      0.3594      1.0000      0.0100
      0.4062      1.0000      0.0075
      0.4844      1.0000      0.0027
      0.5344      1.0000      0.0007
      1.0000      1.0000      0.0000

ΓöÇΓöÇΓöÇΓöÇΓöÇΓöÇΓöÇΓöÇΓöÇΓöÇΓöÇΓöÇΓöÇΓöÇΓöÇΓöÇΓöÇΓöÇΓöÇΓöÇΓöÇΓöÇΓöÇΓöÇΓöÇΓöÇΓöÇΓöÇΓöÇΓöÇΓöÇΓöÇΓöÇΓöÇΓöÇΓöÇΓöÇΓöÇΓöÇΓöÇΓöÇΓöÇΓöÇΓöÇΓöÇΓöÇΓöÇΓöÇΓöÇΓöÇΓöÇΓöÇΓöÇΓöÇΓöÇΓöÇΓöÇΓöÇΓöÇΓöÇΓöÇΓöÇΓöÇΓöÇΓöÇ
  Class: CATASTROPHIC  |  AUC = 0.9965
ΓöÇΓöÇΓöÇΓöÇΓöÇΓöÇΓöÇΓöÇΓöÇΓöÇΓöÇΓöÇΓöÇΓöÇΓöÇΓöÇΓöÇΓöÇΓöÇΓöÇΓöÇΓöÇΓöÇΓöÇΓöÇΓöÇΓöÇΓöÇΓöÇΓöÇΓöÇΓöÇΓöÇΓöÇΓöÇΓöÇΓöÇΓöÇΓöÇΓöÇΓöÇΓöÇΓöÇΓöÇΓöÇΓöÇΓöÇΓöÇΓöÇΓöÇΓöÇΓöÇΓöÇΓöÇΓöÇΓöÇΓöÇΓöÇΓöÇΓöÇΓöÇΓöÇΓöÇΓöÇΓöÇ
         FPR         TPR   Threshold
  ΓöÇΓöÇΓöÇΓöÇΓöÇΓöÇΓöÇΓöÇΓöÇΓöÇ  ΓöÇΓöÇΓöÇΓöÇΓöÇΓöÇΓöÇΓöÇΓöÇΓöÇ  ΓöÇΓöÇΓöÇΓöÇΓöÇΓöÇΓöÇΓöÇΓöÇΓöÇ
      0.0000      0.0000         inf
      0.0000      0.1333      0.9993
      0.0000      0.3667      0.9940
      0.0000      0.4833      0.9866
      0.0000      0.6167      0.9669
      0.0029      0.8667      0.9066
      0.0206      0.8833      0.7596
      0.0235      0.9333      0.6613
      0.0324      0.9667      0.5233
      0.0382      1.0000      0.4598
      0.1353      1.0000      0.0131
      0.1529      1.0000      0.0113
      0.1735      1.0000      0.0088
      0.1912      1.0000      0.0078
      0.2265      1.0000      0.0030
      0.2500      1.0000      0.0003
      1.0000      1.0000      0.0000

=================================================================
  AUC SUMMARY
=================================================================
  Class            AUC Score
  ΓöÇΓöÇΓöÇΓöÇΓöÇΓöÇΓöÇΓöÇΓöÇΓöÇΓöÇΓöÇΓöÇΓöÇΓöÇ ΓöÇΓöÇΓöÇΓöÇΓöÇΓöÇΓöÇΓöÇΓöÇΓöÇ
  MINOR               0.9964
  MODERATE            0.9926
  SEVERE              0.9923
  CATASTROPHIC        0.9965
  ΓöÇΓöÇΓöÇΓöÇΓöÇΓöÇΓöÇΓöÇΓöÇΓöÇΓöÇΓöÇΓöÇΓöÇΓöÇ ΓöÇΓöÇΓöÇΓöÇΓöÇΓöÇΓöÇΓöÇΓöÇΓöÇ
  Macro-Avg           0.9947
  Micro-Avg           0.9951
=================================================================

  ROC curve plot saved to: C:\Users\haran\PRDSSS\roc_curve_severity.png
